2.0 4.0 2.0 148.0 132.0 150.0 214.0 124.0 216.0 6.0
402.0 2.0 404.0 118.0 516.0 124.0 528.0 168.0 614.0 164.0 626.0 126.0 734.0 122.0 736.0 4.0
884.0 4.0 886.0 252.0 904.0 276.0 940.0 284.0 986.0 274.0 996.0 248.0 990.0 6.0
496.0 274.0 614.0 274.0 682.0 350.0 686.0 436.0 640.0 484.0 584.0 512.0 534.0 514.0 466.0 486.0 428.0 438.0 428.0 356.0
2.0 292.0 82.0 296.0 112.0 272.0 168.0 272.0 198.0 296.0 280.0 300.0 296.0 370.0 294.0 412.0 270.0 464.0 4.0 466.0
6.0 874.0 144.0 874.0 150.0 994.0 4.0 996.0
162.0 580.0 348.0 580.0 344.0 798.0 166.0 798.0
432.0 756.0 562.0 752.0 560.0 986.0 434.0 990.0
662.0 632.0 786.0 626.0 788.0 754.0 666.0 754.0
850.0 816.0 992.0 848.0 994.0 990.0 854.0 990.0
764.0 418.0 826.0 392.0 894.0 422.0 888.0 536.0 770.0 538.0
