128.0 102.0 130.0 292.0 176.0 294.0 176.0 102.0
388.0 286.0 384.0 502.0 432.0 498.0 436.0 284.0
642.0 480.0 644.0 710.0 702.0 706.0 700.0 478.0
840.0 630.0 834.0 818.0 872.0 812.0 872.0 628.0
454.0 702.0 460.0 856.0 516.0 852.0 514.0 696.0
234.0 510.0 238.0 704.0 278.0 704.0 278.0 508.0
162.0 398.0 226.0 402.0 216.0 440.0 160.0 432.0
458.0 578.0 502.0 576.0 504.0 616.0 458.0 616.0
116.0 746.0 118.0 888.0 156.0 890.0 160.0 742.0
530.0 86.0 526.0 298.0 576.0 298.0 578.0 88.0
312.0 150.0 360.0 150.0 362.0 198.0 314.0 194.0
702.0 186.0 762.0 188.0 754.0 254.0 694.0 244.0
842.0 372.0 896.0 362.0 896.0 434.0 842.0 428.0
