405.75 665.25 516.75 648.75 516.75 648.75 516.75 648.75 507.00 589.75 507.00 589.75 507.00 589.75 564.25 583.50 564.25 583.50 564.25 583.50 552.25 475.25 552.25 475.25 552.25 475.25 445.25 487.75 445.25 487.75 445.25 487.75 444.75 541.00 444.75 541.00 444.75 541.00 432.00 564.25 432.00 564.25 432.00 564.25 436.50 601.75 436.50 601.75 436.50 601.75 398.50 608.00 398.50 608.00
683.33 648.00 622.00 581.33 622.00 581.33 622.00 581.33 772.67 426.67 772.67 426.67 772.67 426.67 840.67 496.00 840.67 496.00
7.00 746.00 253.00 705.00 253.00 705.00 253.00 705.00 264.00 798.00 264.00 798.00 264.00 798.00 5.00 851.00 5.00 851.00
278.00 701.00 368.00 688.00 368.00 688.00 368.00 688.00 357.00 808.00 357.00 808.00 357.00 808.00 301.00 829.00 301.00 829.00
6.00 938.00 352.00 853.00 352.00 853.00 352.00 853.00 363.00 950.00 363.00 950.00 363.00 950.00 2.00 993.00 2.00 993.00
382.00 825.00 386.00 946.00 386.00 946.00 386.00 946.00 453.00 929.00 453.00 929.00 453.00 929.00 455.00 821.00 455.00 821.00
466.00 830.00 468.00 922.00 468.00 922.00 468.00 922.00 632.00 920.00 632.00 920.00
534.00 720.00 552.00 792.00 552.00 792.00 552.00 792.00 575.00 789.00 575.00 789.00 575.00 789.00 580.00 862.00 584.00 858.00 588.00 854.00 610.00 852.00 610.00 852.00 610.00 852.00 614.00 836.00 614.00 836.00 614.00 836.00 683.00 815.00 683.00 815.00 683.00 815.00 676.00 788.00 676.00 788.00 676.00 788.00 721.00 776.00 721.00 776.00 721.00 776.00 713.00 758.00 713.00 758.00 713.00 758.00 662.00 773.00 664.00 774.00 666.00 775.00 649.00 691.00 649.00 691.00
679.00 699.00 694.00 745.00 694.00 745.00 694.00 745.00 750.00 742.00 750.00 742.00 750.00 742.00 747.00 711.00 747.00 711.00
752.00 642.00 786.00 675.00 786.00 675.00 786.00 675.00 839.00 630.00 839.00 630.00 839.00 630.00 802.00 592.00 802.00 592.00
816.00 657.00 821.00 721.00 821.00 721.00 821.00 721.00 872.00 713.00 872.00 713.00 872.00 713.00 860.00 648.00 860.00 648.00
779.00 736.00 824.00 730.00 824.00 730.00 824.00 730.00 831.00 776.00 831.00 776.00 831.00 776.00 781.00 783.00 781.00 783.00
830.67 380.67 708.00 427.33 708.00 427.33 708.00 427.33 652.00 301.33 652.00 301.33 652.00 301.33 650.00 216.67 650.00 216.67 650.00 216.67 722.67 210.00 722.67 210.00
430.00 85.00 640.00 63.00 640.00 63.00 640.00 63.00 634.00 5.00 634.00 5.00 634.00 5.00 419.00 5.00 419.00 5.00
654.00 0.00 654.00 57.00 654.00 57.00 654.00 57.00 699.00 56.00 699.00 56.00 699.00 56.00 692.00 -3.00 692.00 -3.00
710.00 634.00 724.00 650.00 724.00 650.00 724.00 650.00 750.00 631.00 750.00 631.00 750.00 631.00 729.00 613.00 729.00 613.00
423.00 91.00 416.00 4.00 416.00 4.00 416.00 4.00 301.00 4.00 301.00 4.00 301.00 4.00 306.00 115.00 306.00 115.00
651.00 199.00 652.00 134.00 652.00 134.00 652.00 134.00 722.00 129.00 722.00 129.00 722.00 129.00 725.00 194.00 725.00 194.00
617.00 119.00 632.00 197.00 632.00 197.00 632.00 197.00 507.00 215.00 507.00 215.00 507.00 215.00 496.00 132.00 496.00 132.00
458.00 148.00 491.00 290.00 491.00 290.00 491.00 290.00 490.00 436.00 490.00 436.00 490.00 436.00 313.00 431.00 313.00 431.00 313.00 431.00 327.00 356.00 327.00 356.00 327.00 356.00 400.00 149.00 400.00 149.00
288.00 428.00 291.00 400.00 291.00 400.00 291.00 400.00 262.00 383.00 262.00 383.00 262.00 383.00 338.00 264.00 338.00 264.00 338.00 264.00 350.00 160.00 350.00 160.00 350.00 160.00 199.00 161.00 199.00 161.00 199.00 161.00 132.00 430.00 132.00 430.00
399.00 468.00 422.00 508.00 422.00 508.00 422.00 508.00 376.00 529.00 376.00 529.00 376.00 529.00 394.00 565.00 394.00 565.00 394.00 565.00 307.00 613.00 307.00 613.00 307.00 613.00 262.00 527.00 262.00 527.00
163.00 462.00 233.00 663.00 233.00 663.00 233.00 663.00 197.00 669.00 197.00 669.00 197.00 669.00 134.00 461.00 134.00 461.00
115.00 529.00 159.00 656.00 159.00 656.00 159.00 656.00 13.00 680.00 13.00 680.00 13.00 680.00 12.00 538.00 12.00 538.00
60.00 22.00 254.00 14.00 254.00 14.00 222.00 94.00
738.00 18.00 806.00 196.00 806.00 196.00 860.00 332.00 860.00 332.00 968.00 336.00 968.00 336.00 970.00 18.00
862.00 360.00 926.00 744.00 926.00 744.00 970.00 748.00 970.00 748.00 972.00 356.00
498.00 946.00 494.00 976.00 494.00 976.00 862.00 974.00 862.00 974.00 744.00 850.00 744.00 850.00 648.00 890.00 648.00 890.00 662.00 946.00
860.00 746.00 838.00 812.00 838.00 812.00 952.00 872.00 952.00 872.00 952.00 790.00
34.00 84.00 28.00 202.00 28.00 202.00 106.00 224.00 106.00 224.00 116.00 152.00
24.00 244.00 128.00 260.00 128.00 260.00 58.00 480.00